Total Steps: 2455

Count Array: 
 20  28  29  20  19  16  16  20  11 
 19  44  39  30  30  22  21  31  14 
 24  35  29  17  21  18  16  24  14 
 21  36  26  25  24  20  22  20  10 
 16  27  33  33  28  26  27  23  12 
 13  25  34  27  15  20  15  19  12 
 13  30  33  30  20  22  17  20  15 
 23  34  31  25  24  24  18  19  10 
 24  30  17  21  25  18  19  14   8 
 18  29  23  16  17  17  14  15   5 
 30  25  22  14  11  12  11   9   3 
 17  31  27  11   6  11   7   6   4 
 16  31  18   6   6   3   4   3   0 
 16  14  17  10   7   5   4   1   1 
  8  13  14   9   7   5   3   2   1 
